Algorithm: A* (Line Heuristic)
==============================
Stats:
  Moves:           8
  Nodes Expanded:  84571
  Nodes Generated: 514668
  Max Memory Used: 10675425
  Time:            64.673s
==============================

Initial Board:
0 0 1 0 1
0 0 1 0 0
0 0 1 1 0
0 0 0 0 1
1 1 1 0 0

Move 1: (2, 4)
0 0 1 0 1
0 0 1 0 1
0 0 1 0 1
0 0 0 0 0
1 1 1 0 0

Move 2: (0, 3)
0 0 0 1 0
0 0 1 1 1
0 0 1 0 1
0 0 0 0 0
1 1 1 0 0

Move 3: (1, 3)
0 0 0 0 0
0 0 0 0 0
0 0 1 1 1
0 0 0 0 0
1 1 1 0 0

Move 4: (3, 2)
0 0 0 0 0
0 0 0 0 0
0 0 0 1 1
0 1 1 1 0
1 1 0 0 0

Move 5: (3, 3)
0 0 0 0 0
0 0 0 0 0
0 0 0 0 1
0 1 0 0 1
1 1 0 1 0

Move 6: (3, 4)
0 0 0 0 0
0 0 0 0 0
0 0 0 0 0
0 1 0 1 0
1 1 0 1 1

Move 7: (4, 1)
0 0 0 0 0
0 0 0 0 0
0 0 0 0 0
0 0 0 1 0
0 0 1 1 1

Move 8: (4, 3)
0 0 0 0 0
0 0 0 0 0
0 0 0 0 0
0 0 0 0 0
0 0 0 0 0

