Algorithm: BFS
==============================
Stats:
  Moves:           6
  Nodes Expanded:  3125
  Nodes Generated: 37308
  Max Memory Used: 31184
  Time:            0.767s
==============================

Initial Board:
0 0 0 1
0 1 0 1
0 0 1 1
1 1 1 0

Move 1: (0, 1)
1 1 1 1
0 0 0 1
0 0 1 1
1 1 1 0

Move 2: (0, 3)
1 1 0 0
0 0 0 0
0 0 1 1
1 1 1 0

Move 3: (1, 0)
0 1 0 0
1 1 0 0
1 0 1 1
1 1 1 0

Move 4: (1, 1)
0 0 0 0
0 0 1 0
1 1 1 1
1 1 1 0

Move 5: (2, 2)
0 0 0 0
0 0 0 0
1 0 0 0
1 1 0 0

Move 6: (3, 0)
0 0 0 0
0 0 0 0
0 0 0 0
0 0 0 0

