Algorithm: BFS
==============================
Stats:
  Moves:           6
  Nodes Expanded:  2087
  Nodes Generated: 25888
  Max Memory Used: 31184
  Time:            0.411s
==============================

Initial Board:
0 1 0 0
1 0 1 0
0 1 0 1
0 0 1 0

Move 1: (0, 0)
1 0 0 0
0 0 1 0
0 1 0 1
0 0 1 0

Move 2: (0, 1)
0 1 1 0
0 1 1 0
0 1 0 1
0 0 1 0

Move 3: (0, 2)
0 0 0 1
0 1 0 0
0 1 0 1
0 0 1 0

Move 4: (0, 3)
0 0 1 0
0 1 0 1
0 1 0 1
0 0 1 0

Move 5: (1, 2)
0 0 0 0
0 0 1 0
0 1 1 1
0 0 1 0

Move 6: (2, 2)
0 0 0 0
0 0 0 0
0 0 0 0
0 0 0 0

