Algorithm: Greedy (Light Heuristic)
==============================
Stats:
  Moves:           16
  Nodes Expanded:  479
  Nodes Generated: 6388
  Max Memory Used: 133050
  Time:            0.688s
==============================

Initial Board:
0 0 1 0 1
0 0 1 0 0
0 0 1 1 0
0 0 0 0 1
1 1 1 0 0

Move 1: (4, 1)
0 0 1 0 1
0 0 1 0 0
0 0 1 1 0
0 1 0 0 1
0 0 0 0 0

Move 2: (1, 2)
0 0 0 0 1
0 1 0 1 0
0 0 0 1 0
0 1 0 0 1
0 0 0 0 0

Move 3: (1, 4)
0 0 0 0 0
0 1 0 0 1
0 0 0 1 1
0 1 0 0 1
0 0 0 0 0

Move 4: (2, 4)
0 0 0 0 0
0 1 0 0 0
0 0 0 0 0
0 1 0 0 0
0 0 0 0 0

Move 5: (1, 0)
1 0 0 0 0
1 0 0 0 0
1 0 0 0 0
0 1 0 0 0
0 0 0 0 0

Move 6: (0, 0)
0 1 0 0 0
0 0 0 0 0
1 0 0 0 0
0 1 0 0 0
0 0 0 0 0

Move 7: (3, 0)
0 1 0 0 0
0 0 0 0 0
0 0 0 0 0
1 0 0 0 0
1 0 0 0 0

Move 8: (4, 0)
0 1 0 0 0
0 0 0 0 0
0 0 0 0 0
0 0 0 0 0
0 1 0 0 0

Move 9: (0, 2)
0 0 1 1 0
0 0 1 0 0
0 0 0 0 0
0 0 0 0 0
0 1 0 0 0

Move 10: (0, 3)
0 0 0 0 1
0 0 1 1 0
0 0 0 0 0
0 0 0 0 0
0 1 0 0 0

Move 11: (0, 4)
0 0 0 1 0
0 0 1 1 1
0 0 0 0 0
0 0 0 0 0
0 1 0 0 0

Move 12: (1, 3)
0 0 0 0 0
0 0 0 0 0
0 0 0 1 0
0 0 0 0 0
0 1 0 0 0

Move 13: (4, 2)
0 0 0 0 0
0 0 0 0 0
0 0 0 1 0
0 0 1 0 0
0 0 1 1 0

Move 14: (3, 3)
0 0 0 0 0
0 0 0 0 0
0 0 0 0 0
0 0 0 1 1
0 0 1 0 0

Move 15: (4, 3)
0 0 0 0 0
0 0 0 0 0
0 0 0 0 0
0 0 0 0 1
0 0 0 1 1

Move 16: (4, 4)
0 0 0 0 0
0 0 0 0 0
0 0 0 0 0
0 0 0 0 0
0 0 0 0 0

