Algorithm: Greedy (Line Heuristic)
==============================
Stats:
  Moves:           16
  Nodes Expanded:  16935
  Nodes Generated: 199270
  Max Memory Used: 3393100
  Time:            24.518s
==============================

Initial Board:
0 0 1 0 1
0 0 1 0 0
0 0 1 1 0
0 0 0 0 1
1 1 1 0 0

Move 1: (0, 2)
0 1 0 1 1
0 0 0 0 0
0 0 1 1 0
0 0 0 0 1
1 1 1 0 0

Move 2: (4, 1)
0 1 0 1 1
0 0 0 0 0
0 0 1 1 0
0 1 0 0 1
0 0 0 0 0

Move 3: (1, 2)
0 1 1 1 1
0 1 1 1 0
0 0 0 1 0
0 1 0 0 1
0 0 0 0 0

Move 4: (1, 3)
0 1 1 0 1
0 1 0 0 1
0 0 0 0 0
0 1 0 0 1
0 0 0 0 0

Move 5: (0, 0)
1 0 1 0 1
1 1 0 0 1
0 0 0 0 0
0 1 0 0 1
0 0 0 0 0

Move 6: (0, 4)
1 0 1 1 0
1 1 0 0 0
0 0 0 0 0
0 1 0 0 1
0 0 0 0 0

Move 7: (1, 0)
0 0 1 1 0
0 0 0 0 0
1 0 0 0 0
0 1 0 0 1
0 0 0 0 0

Move 8: (3, 0)
0 0 1 1 0
0 0 0 0 0
0 0 0 0 0
1 0 0 0 1
1 0 0 0 0

Move 9: (4, 0)
0 0 1 1 0
0 0 0 0 0
0 0 0 0 0
0 0 0 0 1
0 1 0 0 0

Move 10: (4, 4)
0 0 1 1 0
0 0 0 0 0
0 0 0 0 0
0 0 0 0 0
0 1 0 1 1

Move 11: (0, 3)
0 0 0 0 1
0 0 0 1 0
0 0 0 0 0
0 0 0 0 0
0 1 0 1 1

Move 12: (1, 4)
0 0 0 0 0
0 0 0 0 1
0 0 0 0 1
0 0 0 0 0
0 1 0 1 1

Move 13: (2, 4)
0 0 0 0 0
0 0 0 0 0
0 0 0 1 0
0 0 0 0 1
0 1 0 1 1

Move 14: (3, 3)
0 0 0 0 0
0 0 0 0 0
0 0 0 0 0
0 0 1 1 0
0 1 0 0 1

Move 15: (4, 2)
0 0 0 0 0
0 0 0 0 0
0 0 0 0 0
0 0 0 1 0
0 0 1 1 1

Move 16: (4, 3)
0 0 0 0 0
0 0 0 0 0
0 0 0 0 0
0 0 0 0 0
0 0 0 0 0

